Vitglobal.com - eRuido DBAMonitor DataLogging File
System started at 	2022-09-29T14:27:26
Datalogging started at 	2022-09-30T14:39:11
LAEq1s,LCEq1s,LASlow,LASMax,Temperature,Humidity,Windspeed,Winddir,DateTime
25.6282,48.1328,25.5244,25.5244,,,-1,-1,2022-09-30T14:39:11
26.3055,49.2414,25.9797,25.9889,,,-1,-1,2022-09-30T14:39:12
25.7414,46.676,25.867,25.9685,,,-1,-1,2022-09-30T14:39:13
25.6881,48.3136,25.748,25.9192,,,-1,-1,2022-09-30T14:39:14
25.7874,46.5938,25.7716,25.8246,,,-1,-1,2022-09-30T14:39:15
25.6844,43.2664,25.7479,25.7755,,,-1,-1,2022-09-30T14:39:16
26.553,44.2274,26.3142,26.3142,,,-1,-1,2022-09-30T14:39:17
27.9672,45.8741,27.5136,27.5136,,,-1,-1,2022-09-30T14:39:18
29.5501,47.2638,28.8531,28.8531,,,-1,-1,2022-09-30T14:39:19
29.005,47.0909,28.802,29.284,,,-1,-1,2022-09-30T14:39:20
27.9976,45.6553,28.2744,28.8111,,,-1,-1,2022-09-30T14:39:21
28.8832,47.3307,28.6848,28.7272,,,-1,-1,2022-09-30T14:39:22
27.931,48.0355,28.1935,28.6891,,,-1,-1,2022-09-30T14:39:23
27.8004,42.7644,28.1127,28.1647,,,-1,-1,2022-09-30T14:39:24
31.0428,43.2369,30.2414,30.2414,,,-1,-1,2022-09-30T14:39:25
30.4743,42.3244,30.2062,30.6893,,,-1,-1,2022-09-30T14:39:26
28.1069,40.5952,29.0237,30.1805,,,-1,-1,2022-09-30T14:39:27
27.0018,40.8602,27.9104,28.9876,,,-1,-1,2022-09-30T14:39:28
27.6049,41.7597,27.7221,27.8998,,,-1,-1,2022-09-30T14:39:29
27.5675,41.8735,27.6042,27.7595,,,-1,-1,2022-09-30T14:39:30
26.4721,39.7226,26.9365,27.5725,,,-1,-1,2022-09-30T14:39:31
26.0555,40.318,26.3674,26.9336,,,-1,-1,2022-09-30T14:39:32
25.8454,40.0044,26.0744,26.3828,,,-1,-1,2022-09-30T14:39:33
26.4819,40.8521,26.3145,26.3337,,,-1,-1,2022-09-30T14:39:34
26.4643,41.6968,26.4212,26.4773,,,-1,-1,2022-09-30T14:39:35
26.094,40.9515,26.1991,26.4186,,,-1,-1,2022-09-30T14:39:36
26.0677,42.8257,26.1076,26.2294,,,-1,-1,2022-09-30T14:39:37
25.7418,45.0755,25.9388,26.116,,,-1,-1,2022-09-30T14:39:38
25.8834,44.4541,25.9348,25.9739,,,-1,-1,2022-09-30T14:39:39
25.4601,41.2041,25.6097,26.0051,,,-1,-1,2022-09-30T14:39:40
25.1607,39.7954,25.3086,25.6216,,,-1,-1,2022-09-30T14:39:41
24.7553,40.5913,24.988,25.3256,,,-1,-1,2022-09-30T14:39:42
25.3305,43.7254,25.2102,25.2462,,,-1,-1,2022-09-30T14:39:43
25.6014,40.5437,25.4407,25.457,,,-1,-1,2022-09-30T14:39:44
24.9617,39.1868,25.1025,25.4419,,,-1,-1,2022-09-30T14:39:45
24.9611,39.6975,25.0608,25.1029,,,-1,-1,2022-09-30T14:39:46
25.3354,39.8314,25.2485,25.2485,,,-1,-1,2022-09-30T14:39:47
25.3265,39.4753,25.3119,25.3119,,,-1,-1,2022-09-30T14:39:48
25.7819,40.3625,25.645,25.6499,,,-1,-1,2022-09-30T14:39:49
25.1894,42.9923,25.3529,25.6313,,,-1,-1,2022-09-30T14:39:50
24.9514,39.0864,25.0878,25.3567,,,-1,-1,2022-09-30T14:39:51
25.4713,42.6455,25.3565,25.3565,,,-1,-1,2022-09-30T14:39:52
26.1798,45.2814,25.8612,25.9086,,,-1,-1,2022-09-30T14:39:53
24.9777,43.1499,25.3318,25.8401,,,-1,-1,2022-09-30T14:39:54
24.7352,42.5963,24.9491,25.3492,,,-1,-1,2022-09-30T14:39:55
24.1002,41.9977,24.4065,24.9494,,,-1,-1,2022-09-30T14:39:56
24.645,42.422,24.6317,24.6317,,,-1,-1,2022-09-30T14:39:57
25.2846,44.5761,25.0766,25.0766,,,-1,-1,2022-09-30T14:39:58
26.1499,45.5274,25.7643,25.7859,,,-1,-1,2022-09-30T14:39:59
25.6066,45.1003,25.7655,25.7655,,,-1,-1,2022-09-30T14:40:00
26.0432,48.0794,25.8947,26.0082,,,-1,-1,2022-09-30T14:40:01
25.3618,46.0182,25.4753,25.9517,,,-1,-1,2022-09-30T14:40:02
24.9819,44.1997,25.1553,25.5156,,,-1,-1,2022-09-30T14:40:03
24.8623,44.191,24.9775,25.1416,,,-1,-1,2022-09-30T14:40:04
24.6658,42.7136,24.7535,24.9886,,,-1,-1,2022-09-30T14:40:05
24.3029,40.4878,24.5064,24.7387,,,-1,-1,2022-09-30T14:40:06
25.2402,46.0338,24.9776,24.9776,,,-1,-1,2022-09-30T14:40:07
25.6542,46.6384,25.2803,25.6273,,,-1,-1,2022-09-30T14:40:08
24.0407,44.9594,24.5307,25.2589,,,-1,-1,2022-09-30T14:40:09
23.9384,43.1098,24.1349,24.5317,,,-1,-1,2022-09-30T14:40:10
23.6487,41.4828,23.8463,24.1335,,,-1,-1,2022-09-30T14:40:11
23.4749,40.3294,23.6089,23.8493,,,-1,-1,2022-09-30T14:40:12
23.7532,44.3632,23.6953,23.7433,,,-1,-1,2022-09-30T14:40:13
23.9378,41.9781,23.8504,23.8504,,,-1,-1,2022-09-30T14:40:14
24.2196,42.4681,24.1113,24.1113,,,-1,-1,2022-09-30T14:40:15
25.0031,45.1761,24.6478,24.6907,,,-1,-1,2022-09-30T14:40:16
25.8194,48.7504,25.4529,25.4529,,,-1,-1,2022-09-30T14:40:17
25.4429,49.0723,25.3908,25.6566,,,-1,-1,2022-09-30T14:40:18
24.9301,47.8014,25.0899,25.4145,,,-1,-1,2022-09-30T14:40:19
25.0952,48.7364,25.0986,25.1239,,,-1,-1,2022-09-30T14:40:20
25.5582,49.1456,25.3369,25.4462,,,-1,-1,2022-09-30T14:40:21
24.9541,47.1048,25.0184,25.4173,,,-1,-1,2022-09-30T14:40:22
25.2494,49.2992,25.2578,25.2578,,,-1,-1,2022-09-30T14:40:23
25.3396,48.1225,25.282,25.4647,,,-1,-1,2022-09-30T14:40:24
24.5638,47.2074,24.792,25.2984,,,-1,-1,2022-09-30T14:40:25
23.6932,45.6135,24.1352,24.7782,,,-1,-1,2022-09-30T14:40:26
23.2503,41.331,23.5978,24.1329,,,-1,-1,2022-09-30T14:40:27
23.0201,40.8135,23.2362,23.5772,,,-1,-1,2022-09-30T14:40:28
22.9165,41.4719,23.047,23.2264,,,-1,-1,2022-09-30T14:40:29
23.1119,41.8197,23.0934,23.0981,,,-1,-1,2022-09-30T14:40:30
22.822,39.942,22.9231,23.0938,,,-1,-1,2022-09-30T14:40:31
23.3947,42.564,23.2408,23.2704,,,-1,-1,2022-09-30T14:40:32
24.9231,44.3378,24.4989,24.4989,,,-1,-1,2022-09-30T14:40:33
27.0694,48.2232,26.3372,26.3372,,,-1,-1,2022-09-30T14:40:34
25.4649,45.1426,25.778,26.4023,,,-1,-1,2022-09-30T14:40:35
25.2635,44.8909,25.5333,25.7761,,,-1,-1,2022-09-30T14:40:36
24.668,43.9459,25.0269,25.5426,,,-1,-1,2022-09-30T14:40:37
25.2889,45.3496,25.2252,25.2376,,,-1,-1,2022-09-30T14:40:38
25.1281,46.1752,25.2254,25.2254,,,-1,-1,2022-09-30T14:40:39
26.2156,46.0792,25.8011,25.9384,,,-1,-1,2022-09-30T14:40:40
27.6379,46.3841,26.9435,27.0043,,,-1,-1,2022-09-30T14:40:41
26.438,45.8146,26.4541,27.2044,,,-1,-1,2022-09-30T14:40:42
24.2432,42.3929,25.2503,26.4142,,,-1,-1,2022-09-30T14:40:43
23.8291,41.9468,24.4307,25.2218,,,-1,-1,2022-09-30T14:40:44
23.5376,43.4634,23.8777,24.4213,,,-1,-1,2022-09-30T14:40:45
23.3302,42.8496,23.5592,23.8683,,,-1,-1,2022-09-30T14:40:46
24.6047,45.4012,24.2553,24.2553,,,-1,-1,2022-09-30T14:40:47
25.9488,47.76,25.311,25.4394,,,-1,-1,2022-09-30T14:40:48
24.6219,45.0871,24.9193,25.3334,,,-1,-1,2022-09-30T14:40:49
24.9262,46.2698,24.8972,25.0122,,,-1,-1,2022-09-30T14:40:50
25.2995,48.1051,25.1811,25.1946,,,-1,-1,2022-09-30T14:40:51
24.5734,43.9435,24.809,25.1646,,,-1,-1,2022-09-30T14:40:52
25.6614,47.0248,25.4466,25.4466,,,-1,-1,2022-09-30T14:40:53
25.2381,46.2775,25.2496,25.528,,,-1,-1,2022-09-30T14:40:54
24.9941,46.7497,25.1547,25.2241,,,-1,-1,2022-09-30T14:40:55
25.2095,46.2112,25.2105,25.2105,,,-1,-1,2022-09-30T14:40:56
24.0602,42.0514,24.4997,25.1989,,,-1,-1,2022-09-30T14:40:57
23.3556,39.2383,23.8357,24.4821,,,-1,-1,2022-09-30T14:40:58
23.018,38.9891,23.3369,23.8134,,,-1,-1,2022-09-30T14:40:59
22.7193,39.4864,22.9379,23.3308,,,-1,-1,2022-09-30T14:41:00
22.8342,38.6387,22.94,22.94,,,-1,-1,2022-09-30T14:41:01
23.764,40.4413,23.3682,23.4721,,,-1,-1,2022-09-30T14:41:02
22.9489,38.5145,23.0748,23.3665,,,-1,-1,2022-09-30T14:41:03
22.7719,39.5262,22.9016,23.0614,,,-1,-1,2022-09-30T14:41:04
22.7216,40.3254,22.8076,22.9136,,,-1,-1,2022-09-30T14:41:05
23.3439,42.723,23.1275,23.1595,,,-1,-1,2022-09-30T14:41:06
24.2643,47.7647,23.897,23.9023,,,-1,-1,2022-09-30T14:41:07
23.9825,46.9914,23.9041,24.1026,,,-1,-1,2022-09-30T14:41:08
23.566,43.1574,23.6823,23.9197,,,-1,-1,2022-09-30T14:41:09
23.4988,44.1765,23.5994,23.6816,,,-1,-1,2022-09-30T14:41:10
24.1566,45.0802,23.9635,23.9754,,,-1,-1,2022-09-30T14:41:11
23.7879,43.0167,23.8506,23.9727,,,-1,-1,2022-09-30T14:41:12
24.0238,46.8119,23.9337,24.0302,,,-1,-1,2022-09-30T14:41:13
23.8976,45.9527,23.9234,23.9289,,,-1,-1,2022-09-30T14:41:14
23.8673,42.9606,23.8329,24.0303,,,-1,-1,2022-09-30T14:41:15
23.1163,39.1848,23.3724,23.8258,,,-1,-1,2022-09-30T14:41:16
22.5983,37.6054,22.9403,23.3487,,,-1,-1,2022-09-30T14:41:17
23.0477,39.9588,22.9841,23.0672,,,-1,-1,2022-09-30T14:41:18
22.5858,38.551,22.7333,22.9771,,,-1,-1,2022-09-30T14:41:19
22.5115,37.6682,22.6016,22.7293,,,-1,-1,2022-09-30T14:41:20
22.518,37.6257,22.5736,22.635,,,-1,-1,2022-09-30T14:41:21
23.0628,39.1539,22.8119,22.9651,,,-1,-1,2022-09-30T14:41:22
22.2823,36.7982,22.4917,22.8062,,,-1,-1,2022-09-30T14:41:23
22.559,38.0459,22.5183,22.6016,,,-1,-1,2022-09-30T14:41:24
22.3448,36.0944,22.3854,22.5212,,,-1,-1,2022-09-30T14:41:25
22.2972,37.1459,22.3296,22.3937,,,-1,-1,2022-09-30T14:41:26
22.3611,38.5694,22.3443,22.37,,,-1,-1,2022-09-30T14:41:27
22.823,38.812,22.7118,22.7118,,,-1,-1,2022-09-30T14:41:28
22.562,37.6776,22.5973,22.7531,,,-1,-1,2022-09-30T14:41:29
22.7615,39.0183,22.7417,22.7719,,,-1,-1,2022-09-30T14:41:30
23.0982,40.3202,22.9645,22.9832,,,-1,-1,2022-09-30T14:41:31
23.1287,41.2097,23.0638,23.0692,,,-1,-1,2022-09-30T14:41:32
23.2732,42.3337,23.2285,23.2285,,,-1,-1,2022-09-30T14:41:33
24.0073,43.3285,23.7518,23.7518,,,-1,-1,2022-09-30T14:41:34
24.5866,46.9973,24.2339,24.2732,,,-1,-1,2022-09-30T14:41:35
25.5435,47.3939,25.1158,25.1158,,,-1,-1,2022-09-30T14:41:36
25.0971,46.2769,25.1065,25.1897,,,-1,-1,2022-09-30T14:41:37
23.785,45.2198,24.3012,25.102,,,-1,-1,2022-09-30T14:41:38
23.6559,44.6453,23.9451,24.2944,,,-1,-1,2022-09-30T14:41:39
25.7627,46.4176,25.2331,25.2331,,,-1,-1,2022-09-30T14:41:40
28.1032,50.0418,26.9767,27.239,,,-1,-1,2022-09-30T14:41:41
25.4258,47.4849,26.0695,26.9434,,,-1,-1,2022-09-30T14:41:42
24.6368,46.3237,25.2081,26.0444,,,-1,-1,2022-09-30T14:41:43
24.7089,48.751,24.961,25.2048,,,-1,-1,2022-09-30T14:41:44
25.0209,49.4425,24.8366,25.3405,,,-1,-1,2022-09-30T14:41:45
24.0716,48.7749,24.3804,24.8259,,,-1,-1,2022-09-30T14:41:46
23.8656,47.1164,24.09,24.3667,,,-1,-1,2022-09-30T14:41:47
24.556,49.3642,24.4386,24.4713,,,-1,-1,2022-09-30T14:41:48
26.0412,53.7556,25.4309,25.4309,,,-1,-1,2022-09-30T14:41:49
26.8257,54.1324,26.3256,26.3289,,,-1,-1,2022-09-30T14:41:50
27.7224,57.2292,27.4173,27.4173,,,-1,-1,2022-09-30T14:41:51
28.7042,57.2155,27.943,28.7416,,,-1,-1,2022-09-30T14:41:52
25.3224,49.2659,26.4984,27.9124,,,-1,-1,2022-09-30T14:41:53
24.2525,46.4595,25.2698,26.4577,,,-1,-1,2022-09-30T14:41:54
24.5488,47.1219,24.826,25.2411,,,-1,-1,2022-09-30T14:41:55
24.7458,47.5051,24.8674,24.8674,,,-1,-1,2022-09-30T14:41:56
24.6447,47.6382,24.6659,25.0178,,,-1,-1,2022-09-30T14:41:57
23.993,46.985,24.2423,24.6652,,,-1,-1,2022-09-30T14:41:58
23.6911,45.7643,23.9294,24.2137,,,-1,-1,2022-09-30T14:41:59
23.3862,43.2227,23.5839,23.9402,,,-1,-1,2022-09-30T14:42:00
23.1178,40.9962,23.3002,23.5751,,,-1,-1,2022-09-30T14:42:01
22.9741,39.6392,23.1019,23.2884,,,-1,-1,2022-09-30T14:42:02
22.7587,39.5051,22.8832,23.0998,,,-1,-1,2022-09-30T14:42:03
22.6493,37.5446,22.7266,22.8807,,,-1,-1,2022-09-30T14:42:04
22.4668,39.236,22.5665,22.7255,,,-1,-1,2022-09-30T14:42:05
22.7435,40.2398,22.6567,22.7457,,,-1,-1,2022-09-30T14:42:06
22.5984,39.9101,22.6175,22.681,,,-1,-1,2022-09-30T14:42:07
22.5528,38.8076,22.5602,22.6495,,,-1,-1,2022-09-30T14:42:08
22.394,38.4438,22.4647,22.5501,,,-1,-1,2022-09-30T14:42:09
22.613,38.8411,22.5468,22.588,,,-1,-1,2022-09-30T14:42:10
22.4337,38.8211,22.4747,22.569,,,-1,-1,2022-09-30T14:42:11
22.6498,38.5123,22.5972,22.5972,,,-1,-1,2022-09-30T14:42:12
22.7699,38.4371,22.7062,22.7092,,,-1,-1,2022-09-30T14:42:13
22.6343,38.2149,22.6834,22.7293,,,-1,-1,2022-09-30T14:42:14
22.7261,40.5464,22.7223,22.7319,,,-1,-1,2022-09-30T14:42:15
22.9719,43.1514,22.8779,22.939,,,-1,-1,2022-09-30T14:42:16
22.6691,41.198,22.7829,22.8643,,,-1,-1,2022-09-30T14:42:17
23.1479,41.3863,23.0524,23.0524,,,-1,-1,2022-09-30T14:42:18
24.1885,44.4853,23.841,23.841,,,-1,-1,2022-09-30T14:42:19
24.4635,45.9053,24.2724,24.2982,,,-1,-1,2022-09-30T14:42:20
24.125,45.1092,24.2261,24.2644,,,-1,-1,2022-09-30T14:42:21
24.3648,45.4358,24.2912,24.3791,,,-1,-1,2022-09-30T14:42:22
24.5421,46.2501,24.4778,24.5083,,,-1,-1,2022-09-30T14:42:23
24.5522,46.6434,24.5188,24.6023,,,-1,-1,2022-09-30T14:42:24
24.5492,46.6686,24.6057,24.6153,,,-1,-1,2022-09-30T14:42:25
25.1587,49.1576,24.9568,24.9606,,,-1,-1,2022-09-30T14:42:26
27.0009,54.4879,26.4941,26.4941,,,-1,-1,2022-09-30T14:42:27
30.4004,60.4761,28.8827,29.4972,,,-1,-1,2022-09-30T14:42:28
27.055,55.8975,27.9084,28.8348,,,-1,-1,2022-09-30T14:42:29
26.42,52.8922,27.1083,27.8917,,,-1,-1,2022-09-30T14:42:30
24.663,47.319,25.7341,27.0662,,,-1,-1,2022-09-30T14:42:31
23.3553,44.6342,24.366,25.7123,,,-1,-1,2022-09-30T14:42:32
22.9031,41.0639,23.5458,24.3382,,,-1,-1,2022-09-30T14:42:33
23.634,43.6048,23.6307,23.6525,,,-1,-1,2022-09-30T14:42:34
25.0666,51.7227,24.6417,24.6417,,,-1,-1,2022-09-30T14:42:35
23.6997,46.3285,24.0511,24.6409,,,-1,-1,2022-09-30T14:42:36
23.3755,46.8081,23.6562,24.0437,,,-1,-1,2022-09-30T14:42:37
22.9697,44.5817,23.2249,23.655,,,-1,-1,2022-09-30T14:42:38
22.8944,40.992,22.997,23.225,,,-1,-1,2022-09-30T14:42:39
22.6873,39.2891,22.7991,22.9962,,,-1,-1,2022-09-30T14:42:40
22.8593,40.7723,22.7888,22.9319,,,-1,-1,2022-09-30T14:42:41
22.6182,40.7847,22.6673,22.8003,,,-1,-1,2022-09-30T14:42:42
22.5821,39.5507,22.6331,22.6576,,,-1,-1,2022-09-30T14:42:43
22.7112,40.2584,22.6464,22.7628,,,-1,-1,2022-09-30T14:42:44
22.9132,40.1132,22.8157,22.8157,,,-1,-1,2022-09-30T14:42:45
23.8645,40.6189,23.5209,23.5581,,,-1,-1,2022-09-30T14:42:46
23.6572,42.5785,23.6675,23.6675,,,-1,-1,2022-09-30T14:42:47
23.4572,41.7152,23.5529,23.6723,,,-1,-1,2022-09-30T14:42:48
24.0598,44.4157,23.9286,23.9404,,,-1,-1,2022-09-30T14:42:49
24.6837,46.546,24.5048,24.5048,,,-1,-1,2022-09-30T14:42:50
24.9834,48.637,24.7634,24.8187,,,-1,-1,2022-09-30T14:42:51
24.2268,46.0037,24.4051,24.7975,,,-1,-1,2022-09-30T14:42:52
24.3035,43.9418,24.3825,24.3993,,,-1,-1,2022-09-30T14:42:53
25.1766,46.0265,25.0189,25.0189,,,-1,-1,2022-09-30T14:42:54
27.0857,49.6418,26.2872,26.2872,,,-1,-1,2022-09-30T14:42:55
26.9921,50.3389,26.5178,27.1672,,,-1,-1,2022-09-30T14:42:56
24.7575,48.682,25.5472,26.4954,,,-1,-1,2022-09-30T14:42:57
26.6671,49.0312,26.5501,26.5851,,,-1,-1,2022-09-30T14:42:58
28.9192,52.4942,28.2411,28.3892,,,-1,-1,2022-09-30T14:42:59
28.784,51.3677,28.6294,28.7887,,,-1,-1,2022-09-30T14:43:00
26.7462,50.0149,27.5462,28.6483,,,-1,-1,2022-09-30T14:43:01
32.4817,55.3477,31.8087,31.8087,,,-1,-1,2022-09-30T14:43:02
40.1315,61.8029,38.2215,38.2471,,,-1,-1,2022-09-30T14:43:03
36.212,57.6965,36.8626,38.3218,,,-1,-1,2022-09-30T14:43:04
41.6207,63.8491,40.6518,40.6518,,,-1,-1,2022-09-30T14:43:05
38.0076,60.428,39.3328,40.6427,,,-1,-1,2022-09-30T14:43:06
37.6722,59.9848,38.3228,39.3206,,,-1,-1,2022-09-30T14:43:07
30.8187,53.0355,35.0857,38.2646,,,-1,-1,2022-09-30T14:43:08
26.0902,47.7635,31.7088,35.0161,,,-1,-1,2022-09-30T14:43:09
23.902,46.6996,28.5935,31.6373,,,-1,-1,2022-09-30T14:43:10
23.1467,42.4764,26.1312,28.527,,,-1,-1,2022-09-30T14:43:11
23.3877,42.0092,24.669,26.0861,,,-1,-1,2022-09-30T14:43:12
24.0272,45.8612,24.333,24.6638,,,-1,-1,2022-09-30T14:43:13
24.7924,49.2325,24.5852,24.7028,,,-1,-1,2022-09-30T14:43:14
24.0916,47.1112,24.2605,24.5981,,,-1,-1,2022-09-30T14:43:15
23.571,42.2034,23.8451,24.2649,,,-1,-1,2022-09-30T14:43:16
23.1613,41.4968,23.3963,23.8531,,,-1,-1,2022-09-30T14:43:17
23.7515,44.0611,23.6326,23.668,,,-1,-1,2022-09-30T14:43:18
22.9835,41.4904,23.249,23.6209,,,-1,-1,2022-09-30T14:43:19
22.9439,41.5383,23.0209,23.2758,,,-1,-1,2022-09-30T14:43:20
22.5229,41.5502,22.7191,22.9967,,,-1,-1,2022-09-30T14:43:21
22.5705,40.7024,22.6327,22.7224,,,-1,-1,2022-09-30T14:43:22
22.6943,41.0663,22.6744,22.6895,,,-1,-1,2022-09-30T14:43:23
22.6853,41.3075,22.6754,22.72,,,-1,-1,2022-09-30T14:43:24
22.4902,39.2333,22.594,22.6712,,,-1,-1,2022-09-30T14:43:25
22.5253,39.5121,22.55,22.623,,,-1,-1,2022-09-30T14:43:26
22.4663,39.459,22.4972,22.576,,,-1,-1,2022-09-30T14:43:27
22.4817,39.4317,22.4804,22.5432,,,-1,-1,2022-09-30T14:43:28
22.7205,39.4011,22.6048,22.6623,,,-1,-1,2022-09-30T14:43:29
22.627,40.9399,22.6576,22.6576,,,-1,-1,2022-09-30T14:43:30
22.974,40.7985,22.8744,22.8819,,,-1,-1,2022-09-30T14:43:31
23.4494,42.1333,23.26,23.26,,,-1,-1,2022-09-30T14:43:32
23.7681,45.4798,23.6283,23.6283,,,-1,-1,2022-09-30T14:43:33
24.1307,47.4502,23.9366,24.0413,,,-1,-1,2022-09-30T14:43:34
23.311,41.1412,23.5472,23.9294,,,-1,-1,2022-09-30T14:43:35
23.1483,41.4133,23.2556,23.6321,,,-1,-1,2022-09-30T14:43:36
23.078,44.1347,23.1494,23.2539,,,-1,-1,2022-09-30T14:43:37
23.5121,43.4045,23.4071,23.4071,,,-1,-1,2022-09-30T14:43:38
23.8873,45.4158,23.7383,23.7383,,,-1,-1,2022-09-30T14:43:39
24.5024,49.0688,24.3167,24.3167,,,-1,-1,2022-09-30T14:43:40
24.7138,48.6258,24.5608,24.5712,,,-1,-1,2022-09-30T14:43:41
24.52,46.6379,24.4995,24.6581,,,-1,-1,2022-09-30T14:43:42
24.2005,47.88,24.34,24.5036,,,-1,-1,2022-09-30T14:43:43
23.8742,45.8297,24.0533,24.3354,,,-1,-1,2022-09-30T14:43:44
23.8949,45.1257,23.9979,24.0735,,,-1,-1,2022-09-30T14:43:45
24.4466,45.5749,24.2577,24.3707,,,-1,-1,2022-09-30T14:43:46
24.8788,47.4698,24.6844,24.6848,,,-1,-1,2022-09-30T14:43:47
25.6245,49.8726,25.3511,25.3511,,,-1,-1,2022-09-30T14:43:48
26.0248,49.77,25.8,25.8153,,,-1,-1,2022-09-30T14:43:49
26.4207,50.3907,26.2054,26.2167,,,-1,-1,2022-09-30T14:43:50
26.1125,50.4717,26.1131,26.2864,,,-1,-1,2022-09-30T14:43:51
25.0097,47.1296,25.434,26.093,,,-1,-1,2022-09-30T14:43:52
24.1964,46.379,24.6646,25.4778,,,-1,-1,2022-09-30T14:43:53
24.3147,51.0466,24.4551,24.719,,,-1,-1,2022-09-30T14:43:54
23.9399,51.1421,24.1902,24.42,,,-1,-1,2022-09-30T14:43:55
25.7381,52.2456,25.3774,25.3774,,,-1,-1,2022-09-30T14:43:56
28.2115,57.1176,27.3191,27.3191,,,-1,-1,2022-09-30T14:43:57
25.7384,54.8394,26.2638,27.4446,,,-1,-1,2022-09-30T14:43:58
25.7325,53.0167,26.0002,26.2548,,,-1,-1,2022-09-30T14:43:59
25.0578,51.2961,25.4394,25.9919,,,-1,-1,2022-09-30T14:44:00
24.4737,48.5605,24.7985,25.4488,,,-1,-1,2022-09-30T14:44:01
23.9513,47.4663,24.3031,24.7979,,,-1,-1,2022-09-30T14:44:02
23.5174,45.4335,23.7739,24.3105,,,-1,-1,2022-09-30T14:44:03
23.2885,45.3881,23.4484,23.7684,,,-1,-1,2022-09-30T14:44:04
23.8219,45.1135,23.7405,23.7608,,,-1,-1,2022-09-30T14:44:05
23.0851,43.8204,23.3329,23.7349,,,-1,-1,2022-09-30T14:44:06
23.3719,44.9071,23.3877,23.3935,,,-1,-1,2022-09-30T14:44:07
23.6308,46.7641,23.5461,23.5824,,,-1,-1,2022-09-30T14:44:08
24.1112,49.2372,23.9607,23.9607,,,-1,-1,2022-09-30T14:44:09
23.8377,47.9718,23.8716,23.988,,,-1,-1,2022-09-30T14:44:10
23.0952,44.298,23.3789,23.8763,,,-1,-1,2022-09-30T14:44:11
23.156,45.8748,23.291,23.367,,,-1,-1,2022-09-30T14:44:12
22.8773,43.8486,23.0714,23.2746,,,-1,-1,2022-09-30T14:44:13
22.8519,41.3466,22.9214,23.126,,,-1,-1,2022-09-30T14:44:14
22.8194,44.5088,22.8845,22.908,,,-1,-1,2022-09-30T14:44:15
22.6581,41.1299,22.7539,22.8838,,,-1,-1,2022-09-30T14:44:16
22.4336,40.0765,22.5678,22.7565,,,-1,-1,2022-09-30T14:44:17
22.5683,43.0676,22.5501,22.6303,,,-1,-1,2022-09-30T14:44:18
22.4913,42.1608,22.5062,22.5822,,,-1,-1,2022-09-30T14:44:19
22.5616,41.4286,22.5325,22.5571,,,-1,-1,2022-09-30T14:44:20
22.6857,41.0609,22.5998,22.6814,,,-1,-1,2022-09-30T14:44:21
23.0489,42.5306,22.8941,22.8942,,,-1,-1,2022-09-30T14:44:22
23.0161,44.65,22.9742,22.9853,,,-1,-1,2022-09-30T14:44:23
23.4655,44.7654,23.2931,23.2931,,,-1,-1,2022-09-30T14:44:24
24.3416,47.8942,23.9949,24.0061,,,-1,-1,2022-09-30T14:44:25
25.0567,48.3327,24.7883,24.7883,,,-1,-1,2022-09-30T14:44:26
25.6663,50.4903,25.3968,25.3968,,,-1,-1,2022-09-30T14:44:27
26.7662,53.9274,26.2563,26.2911,,,-1,-1,2022-09-30T14:44:28
25.5896,49.1942,25.7776,26.2597,,,-1,-1,2022-09-30T14:44:29
25.0902,50.6887,25.334,25.8294,,,-1,-1,2022-09-30T14:44:30
25.711,54.1602,25.5628,25.5963,,,-1,-1,2022-09-30T14:44:31
26.1281,53.3223,26.0803,26.0803,,,-1,-1,2022-09-30T14:44:32
27.1195,56.1155,26.6064,26.9484,,,-1,-1,2022-09-30T14:44:33
24.8799,53.5949,25.576,26.5747,,,-1,-1,2022-09-30T14:44:34
25.4348,52.6184,25.589,25.589,,,-1,-1,2022-09-30T14:44:35
25.8095,56.0994,25.6811,25.8024,,,-1,-1,2022-09-30T14:44:36
24.5308,50.6025,24.9766,25.6649,,,-1,-1,2022-09-30T14:44:37
23.9934,50.2981,24.3853,25.0523,,,-1,-1,2022-09-30T14:44:38
24.2205,48.4788,24.2594,24.422,,,-1,-1,2022-09-30T14:44:39
24.1089,46.9931,24.1799,24.2442,,,-1,-1,2022-09-30T14:44:40
23.5814,47.7413,23.8345,24.1941,,,-1,-1,2022-09-30T14:44:41
23.2303,44.9461,23.4422,23.8384,,,-1,-1,2022-09-30T14:44:42
23.0445,45.1359,23.2188,23.4328,,,-1,-1,2022-09-30T14:44:43
22.864,44.4962,22.9627,23.2081,,,-1,-1,2022-09-30T14:44:44
22.62,44.2088,22.7628,22.952,,,-1,-1,2022-09-30T14:44:45
22.3546,41.6787,22.5351,22.7666,,,-1,-1,2022-09-30T14:44:46
22.4816,40.3769,22.505,22.5469,,,-1,-1,2022-09-30T14:44:47
22.5508,42.5568,22.5376,22.5532,,,-1,-1,2022-09-30T14:44:48
22.3634,40.4778,22.4275,22.5395,,,-1,-1,2022-09-30T14:44:49
22.4442,41.2441,22.4626,22.4664,,,-1,-1,2022-09-30T14:44:50
22.5131,40.1603,22.4913,22.5183,,,-1,-1,2022-09-30T14:44:51
22.3692,41.4946,22.4467,22.5012,,,-1,-1,2022-09-30T14:44:52
22.4015,39.4448,22.4009,22.4889,,,-1,-1,2022-09-30T14:44:53
22.3179,41.013,22.3689,22.3943,,,-1,-1,2022-09-30T14:44:54
22.436,39.7815,22.4246,22.4306,,,-1,-1,2022-09-30T14:44:55
22.501,41.0221,22.4717,22.4965,,,-1,-1,2022-09-30T14:44:56
22.6635,41.3326,22.6053,22.6053,,,-1,-1,2022-09-30T14:44:57
22.8263,40.7348,22.7744,22.7744,,,-1,-1,2022-09-30T14:44:58
23.2949,42.8508,23.11,23.11,,,-1,-1,2022-09-30T14:44:59
23.7101,45.9269,23.501,23.5089,,,-1,-1,2022-09-30T14:45:00
23.5589,44.0365,23.5465,23.5775,,,-1,-1,2022-09-30T14:45:01
23.9148,46.2322,23.7431,23.7837,,,-1,-1,2022-09-30T14:45:02
23.4375,43.6158,23.5404,23.7354,,,-1,-1,2022-09-30T14:45:03
22.8054,42.3027,23.0922,23.516,,,-1,-1,2022-09-30T14:45:04
22.6181,41.5583,22.7811,23.0966,,,-1,-1,2022-09-30T14:45:05
22.5831,40.5321,22.6253,22.8292,,,-1,-1,2022-09-30T14:45:06
22.6031,40.9945,22.5928,22.6937,,,-1,-1,2022-09-30T14:45:07
22.5551,38.7589,22.553,22.6534,,,-1,-1,2022-09-30T14:45:08
22.3401,39.6097,22.4409,22.5457,,,-1,-1,2022-09-30T14:45:09
22.4269,38.7595,22.4265,22.4701,,,-1,-1,2022-09-30T14:45:10
22.5585,41.484,22.5369,22.5466,,,-1,-1,2022-09-30T14:45:11
22.6348,40.9957,22.5847,22.615,,,-1,-1,2022-09-30T14:45:12
22.7739,41.7376,22.6835,22.724,,,-1,-1,2022-09-30T14:45:13
22.8291,41.9848,22.8256,22.8256,,,-1,-1,2022-09-30T14:45:14
23.2689,44.0818,23.1725,23.1725,,,-1,-1,2022-09-30T14:45:15
23.4084,45.994,23.3203,23.346,,,-1,-1,2022-09-30T14:45:16
23.8231,47.1809,23.5997,23.6876,,,-1,-1,2022-09-30T14:45:17
23.3612,43.1591,23.4559,23.5967,,,-1,-1,2022-09-30T14:45:18
23.0171,42.116,23.156,23.4407,,,-1,-1,2022-09-30T14:45:19
22.8249,43.2288,22.9462,23.1572,,,-1,-1,2022-09-30T14:45:20
22.5459,42.8759,22.7086,22.9278,,,-1,-1,2022-09-30T14:45:21
22.7479,43.3425,22.7492,22.7492,,,-1,-1,2022-09-30T14:45:22
23.4207,46.3056,23.1853,23.1952,,,-1,-1,2022-09-30T14:45:23
23.8556,48.1821,23.6057,23.6112,,,-1,-1,2022-09-30T14:45:24
26.487,53.1383,25.5343,25.8798,,,-1,-1,2022-09-30T14:45:25
23.3171,47.2838,24.3067,25.4993,,,-1,-1,2022-09-30T14:45:26
22.8254,46.4395,23.4648,24.2774,,,-1,-1,2022-09-30T14:45:27
22.7709,44.9069,23.0189,23.4497,,,-1,-1,2022-09-30T14:45:28
26.4384,53.2849,26.2563,26.2563,,,-1,-1,2022-09-30T14:45:29
24.3944,50.1483,24.9308,26.8109,,,-1,-1,2022-09-30T14:45:30
23.0657,51.4898,23.9252,24.8887,,,-1,-1,2022-09-30T14:45:31
25.031,55.4026,24.6948,24.6948,,,-1,-1,2022-09-30T14:45:32
25.9216,60.299,25.6025,25.611,,,-1,-1,2022-09-30T14:45:33
25.7467,58.1711,25.6109,25.9002,,,-1,-1,2022-09-30T14:45:34
24.1459,53.1506,24.8099,25.5762,,,-1,-1,2022-09-30T14:45:35
25.0083,54.6978,24.9116,25.0077,,,-1,-1,2022-09-30T14:45:36
25.0555,53.9943,25.0111,25.0816,,,-1,-1,2022-09-30T14:45:37
25.4683,53.1057,25.208,25.4331,,,-1,-1,2022-09-30T14:45:38
24.7406,50.3837,24.889,25.1991,,,-1,-1,2022-09-30T14:45:39
24.039,48.4405,24.3879,24.8622,,,-1,-1,2022-09-30T14:45:40
24.1285,49.3343,24.2366,24.3941,,,-1,-1,2022-09-30T14:45:41
24.4278,47.7289,24.3274,24.3916,,,-1,-1,2022-09-30T14:45:42
24.4146,47.8263,24.449,24.449,,,-1,-1,2022-09-30T14:45:43
24.6293,48.0508,24.4573,24.7569,,,-1,-1,2022-09-30T14:45:44
23.946,46.7171,24.1589,24.4283,,,-1,-1,2022-09-30T14:45:45
24.3357,46.482,24.2691,24.3648,,,-1,-1,2022-09-30T14:45:46
23.5619,43.5815,23.8253,24.3229,,,-1,-1,2022-09-30T14:45:47
23.4008,45.642,23.6056,23.8252,,,-1,-1,2022-09-30T14:45:48
22.9323,45.1063,23.1902,23.614,,,-1,-1,2022-09-30T14:45:49
22.5823,42.2923,22.8389,23.1764,,,-1,-1,2022-09-30T14:45:50
22.5903,43.3045,22.6761,22.8452,,,-1,-1,2022-09-30T14:45:51
22.524,43.7054,22.577,22.7113,,,-1,-1,2022-09-30T14:45:52
23.0362,41.5576,22.8396,22.9289,,,-1,-1,2022-09-30T14:45:53
22.7827,43.5248,22.7723,22.901,,,-1,-1,2022-09-30T14:45:54
22.5418,42.0439,22.6419,22.7631,,,-1,-1,2022-09-30T14:45:55
22.9189,45.4439,22.8523,22.8523,,,-1,-1,2022-09-30T14:45:56
23.7032,44.317,23.4219,23.4291,,,-1,-1,2022-09-30T14:45:57
24.3929,45.4798,24.0123,24.0299,,,-1,-1,2022-09-30T14:45:58
25.487,51.2004,25.0423,25.0423,,,-1,-1,2022-09-30T14:45:59
27.8114,52.0139,26.9262,26.9262,,,-1,-1,2022-09-30T14:46:00
27.3508,50.7356,27.15,27.26,,,-1,-1,2022-09-30T14:46:01
26.3495,50.4653,26.5555,27.2944,,,-1,-1,2022-09-30T14:46:02
25.8723,50.8576,26.0283,26.6629,,,-1,-1,2022-09-30T14:46:03
26.8184,53.8613,26.6849,26.6849,,,-1,-1,2022-09-30T14:46:04
25.5092,52.0226,25.9277,26.7657,,,-1,-1,2022-09-30T14:46:05
24.516,47.2594,25.0703,25.9256,,,-1,-1,2022-09-30T14:46:06
23.0835,45.3621,23.9511,25.0625,,,-1,-1,2022-09-30T14:46:07
23.1105,46.3179,23.4308,23.9584,,,-1,-1,2022-09-30T14:46:08
23.2088,49.521,23.3458,23.418,,,-1,-1,2022-09-30T14:46:09
23.7621,50.7887,23.6643,23.678,,,-1,-1,2022-09-30T14:46:10
24.1325,53.5954,23.9105,23.9725,,,-1,-1,2022-09-30T14:46:11
25.1934,51.1099,24.83,24.8358,,,-1,-1,2022-09-30T14:46:12
26.2523,56.4275,25.8333,25.8333,,,-1,-1,2022-09-30T14:46:13
26.7819,57.1391,26.45,26.543,,,-1,-1,2022-09-30T14:46:14
25.2086,51.2502,25.7403,26.4337,,,-1,-1,2022-09-30T14:46:15
25.2615,51.6241,25.4832,25.7296,,,-1,-1,2022-09-30T14:46:16
23.7053,47.8973,24.4207,25.4653,,,-1,-1,2022-09-30T14:46:17
22.9712,47.1814,23.5572,24.3922,,,-1,-1,2022-09-30T14:46:18
22.729,44.218,23.059,23.549,,,-1,-1,2022-09-30T14:46:19
22.4556,42.3775,22.6891,23.0348,,,-1,-1,2022-09-30T14:46:20
22.4643,42.9425,22.5663,22.6737,,,-1,-1,2022-09-30T14:46:21
22.643,40.274,22.6246,22.6351,,,-1,-1,2022-09-30T14:46:22
23.0804,42.1697,22.93,22.93,,,-1,-1,2022-09-30T14:46:23
23.742,46.3132,23.5055,23.5055,,,-1,-1,2022-09-30T14:46:24
24.0775,45.9066,23.9305,23.9425,,,-1,-1,2022-09-30T14:46:25
25.1486,47.8811,24.7988,24.7988,,,-1,-1,2022-09-30T14:46:26
26.7167,51.5328,26.088,26.1132,,,-1,-1,2022-09-30T14:46:27
25.6908,48.9277,25.743,26.2639,,,-1,-1,2022-09-30T14:46:28
24.9923,47.5307,25.3196,25.724,,,-1,-1,2022-09-30T14:46:29
24.6396,47.5966,24.8906,25.3054,,,-1,-1,2022-09-30T14:46:30
24.4035,48.5614,24.6496,24.8973,,,-1,-1,2022-09-30T14:46:31
25.194,48.9208,24.8803,25.1548,,,-1,-1,2022-09-30T14:46:32
23.762,45.7167,24.2096,24.8587,,,-1,-1,2022-09-30T14:46:33
24.0437,45.5238,24.0663,24.2708,,,-1,-1,2022-09-30T14:46:34
23.905,43.6116,23.9804,24.0939,,,-1,-1,2022-09-30T14:46:35
24.4941,45.2911,24.3073,24.3164,,,-1,-1,2022-09-30T14:46:36
25.1584,48.9999,24.8248,24.9082,,,-1,-1,2022-09-30T14:46:37
24.2106,45.3458,24.4329,24.8407,,,-1,-1,2022-09-30T14:46:38
24.0724,45.7405,24.2271,24.4067,,,-1,-1,2022-09-30T14:46:39
24.2589,47.3496,24.2637,24.3137,,,-1,-1,2022-09-30T14:46:40
23.861,45.282,23.9834,24.2689,,,-1,-1,2022-09-30T14:46:41
22.8918,39.6701,23.3108,23.97,,,-1,-1,2022-09-30T14:46:42
22.6209,41.7203,22.8977,23.3002,,,-1,-1,2022-09-30T14:46:43
22.3902,43.0482,22.5896,22.8994,,,-1,-1,2022-09-30T14:46:44
22.3856,42.0476,22.4455,22.5883,,,-1,-1,2022-09-30T14:46:45
22.21,38.3981,22.3215,22.4372,,,-1,-1,2022-09-30T14:46:46
22.4866,40.1555,22.4111,22.4381,,,-1,-1,2022-09-30T14:46:47
22.2957,40.2218,22.3445,22.426,,,-1,-1,2022-09-30T14:46:48
22.3807,40.0314,22.3804,22.3911,,,-1,-1,2022-09-30T14:46:49
22.3318,40.9837,22.3607,22.3734,,,-1,-1,2022-09-30T14:46:50
22.558,41.9268,22.4596,22.5306,,,-1,-1,2022-09-30T14:46:51
22.266,41.2746,22.3297,22.4512,,,-1,-1,2022-09-30T14:46:52
22.4218,39.7623,22.3923,22.4181,,,-1,-1,2022-09-30T14:46:53
22.4879,39.0661,22.4597,22.4681,,,-1,-1,2022-09-30T14:46:54
22.7151,42.8818,22.6235,22.6346,,,-1,-1,2022-09-30T14:46:55
22.9891,41.4916,22.8883,22.8883,,,-1,-1,2022-09-30T14:46:56
23.2669,42.1156,23.1712,23.1712,,,-1,-1,2022-09-30T14:46:57
23.7234,46.2244,23.468,23.5408,,,-1,-1,2022-09-30T14:46:58
23.7071,46.3803,23.6544,23.6544,,,-1,-1,2022-09-30T14:46:59
23.5709,45.0674,23.5681,23.7392,,,-1,-1,2022-09-30T14:47:00
23.2245,42.9313,23.3361,23.5618,,,-1,-1,2022-09-30T14:47:01
22.7805,41.4326,23,23.3312,,,-1,-1,2022-09-30T14:47:02
22.9697,44.5508,22.9756,23.0546,,,-1,-1,2022-09-30T14:47:03
22.9494,45.4182,22.9651,23.054,,,-1,-1,2022-09-30T14:47:04
23.1064,49.8753,23.0686,23.0854,,,-1,-1,2022-09-30T14:47:05
22.7444,44.4845,22.8701,23.0829,,,-1,-1,2022-09-30T14:47:06
22.8707,45.9537,22.8677,22.9203,,,-1,-1,2022-09-30T14:47:07
25.0361,50.932,24.3381,24.4135,,,-1,-1,2022-09-30T14:47:08
24.8809,53.1554,24.72,24.7929,,,-1,-1,2022-09-30T14:47:09
24.8241,49.8574,24.8133,24.8661,,,-1,-1,2022-09-30T14:47:10
27.551,55.7166,26.8585,26.8585,,,-1,-1,2022-09-30T14:47:11
27.7927,59.6612,27.5242,27.5554,,,-1,-1,2022-09-30T14:47:12
28.7284,58.4321,28.3387,28.3387,,,-1,-1,2022-09-30T14:47:13
31.0668,61.2665,29.969,30.31,,,-1,-1,2022-09-30T14:47:14
28.9514,57.4583,29.2235,30.0158,,,-1,-1,2022-09-30T14:47:15
25.3502,53.0387,27.3043,29.1806,,,-1,-1,2022-09-30T14:47:16
24.6532,51.1136,25.8435,27.2734,,,-1,-1,2022-09-30T14:47:17
24.0834,49.1015,24.8866,25.8084,,,-1,-1,2022-09-30T14:47:18
24.1125,46.6133,24.4318,24.8551,,,-1,-1,2022-09-30T14:47:19
24.3863,48.4644,24.3955,24.5161,,,-1,-1,2022-09-30T14:47:20
25.3717,47.7824,25.195,25.195,,,-1,-1,2022-09-30T14:47:21
27.5333,51.0401,26.7704,26.797,,,-1,-1,2022-09-30T14:47:22
25.5646,50.9335,26.0426,26.802,,,-1,-1,2022-09-30T14:47:23
26.0459,48.6471,25.9967,26.2935,,,-1,-1,2022-09-30T14:47:24
25.7208,48.6014,25.8508,26.0375,,,-1,-1,2022-09-30T14:47:25
25.0088,48.2294,25.3323,25.8582,,,-1,-1,2022-09-30T14:47:26
25.2616,48.4038,25.2359,25.4938,,,-1,-1,2022-09-30T14:47:27
24.8231,49.3631,25.0277,25.2132,,,-1,-1,2022-09-30T14:47:28
25.52,50.2551,25.3636,25.3956,,,-1,-1,2022-09-30T14:47:29
23.8635,46.7658,24.4945,25.3456,,,-1,-1,2022-09-30T14:47:30
23.6156,46.9932,23.9753,24.4847,,,-1,-1,2022-09-30T14:47:31
23.7846,45.0757,23.8917,23.9633,,,-1,-1,2022-09-30T14:47:32
24.3504,48.1119,24.1185,24.2704,,,-1,-1,2022-09-30T14:47:33
23.3712,43.3784,23.6923,24.1085,,,-1,-1,2022-09-30T14:47:34
23.3323,44.3425,23.4426,23.701,,,-1,-1,2022-09-30T14:47:35
23.8781,44.2592,23.7526,23.7541,,,-1,-1,2022-09-30T14:47:36
25.1773,48.5435,24.654,24.654,,,-1,-1,2022-09-30T14:47:37
25.4608,48.0845,25.1488,25.1865,,,-1,-1,2022-09-30T14:47:38
25.7908,49.5218,25.6051,25.6108,,,-1,-1,2022-09-30T14:47:39
24.4312,47.4731,24.7758,25.7317,,,-1,-1,2022-09-30T14:47:40
22.8864,40.6617,23.7077,24.7454,,,-1,-1,2022-09-30T14:47:41
22.7181,39.6676,23.1387,23.6844,,,-1,-1,2022-09-30T14:47:42
22.7186,40.5456,22.8901,23.1296,,,-1,-1,2022-09-30T14:47:43
22.9747,42.613,22.9536,22.9954,,,-1,-1,2022-09-30T14:47:44
23,42.5295,22.9993,23.015,,,-1,-1,2022-09-30T14:47:45
23.1604,41.7136,23.1448,23.1448,,,-1,-1,2022-09-30T14:47:46
24.365,45.261,23.9951,23.9951,,,-1,-1,2022-09-30T14:47:47
25.9871,47.4147,25.459,25.459,,,-1,-1,2022-09-30T14:47:48
24.9379,48.7833,25.0582,25.5729,,,-1,-1,2022-09-30T14:47:49
24.9381,48.3446,24.9459,25.0971,,,-1,-1,2022-09-30T14:47:50
24.2572,46.9694,24.5413,24.9493,,,-1,-1,2022-09-30T14:47:51
25.4261,48.384,25.2105,25.2105,,,-1,-1,2022-09-30T14:47:52
25.9438,47.2586,25.6294,25.7306,,,-1,-1,2022-09-30T14:47:53
23.8742,43.852,24.611,25.6093,,,-1,-1,2022-09-30T14:47:54
23.5961,44.0669,23.9316,24.5866,,,-1,-1,2022-09-30T14:47:55
23.0908,40.6709,23.4163,23.9306,,,-1,-1,2022-09-30T14:47:56
22.8045,42.1865,23.0263,23.4068,,,-1,-1,2022-09-30T14:47:57
22.6518,40.339,22.8093,23.0205,,,-1,-1,2022-09-30T14:47:58
22.5321,39.4401,22.6366,22.8093,,,-1,-1,2022-09-30T14:47:59
22.4783,39.6878,22.5317,22.6388,,,-1,-1,2022-09-30T14:48:00
22.518,38.4769,22.5277,22.5487,,,-1,-1,2022-09-30T14:48:01
22.4223,39.1788,22.4541,22.5349,,,-1,-1,2022-09-30T14:48:02
22.4801,42.0741,22.4619,22.4918,,,-1,-1,2022-09-30T14:48:03
22.331,39.8601,22.3798,22.4699,,,-1,-1,2022-09-30T14:48:04
22.4205,41.4097,22.4165,22.4279,,,-1,-1,2022-09-30T14:48:05
22.4424,40.1551,22.4234,22.4885,,,-1,-1,2022-09-30T14:48:06
22.3218,40.5683,22.3571,22.4409,,,-1,-1,2022-09-30T14:48:07
22.53,39.6949,22.4828,22.4828,,,-1,-1,2022-09-30T14:48:08
22.2086,39.7024,22.3235,22.4806,,,-1,-1,2022-09-30T14:48:09
22.2265,37.8974,22.2767,22.3217,,,-1,-1,2022-09-30T14:48:10
22.4663,38.6473,22.3978,22.4214,,,-1,-1,2022-09-30T14:48:11
22.3334,38.4021,22.3604,22.4092,,,-1,-1,2022-09-30T14:48:12
22.2777,39.5351,22.3219,22.3801,,,-1,-1,2022-09-30T14:48:13
22.3482,39.7182,22.3326,22.3617,,,-1,-1,2022-09-30T14:48:14
22.5983,40.8435,22.5208,22.5229,,,-1,-1,2022-09-30T14:48:15
24.033,50.2568,23.3612,23.4618,,,-1,-1,2022-09-30T14:48:16
22.8626,41.3069,23.071,23.3455,,,-1,-1,2022-09-30T14:48:17
23.2355,42.7468,23.1815,23.2016,,,-1,-1,2022-09-30T14:48:18
23.6046,45.3647,23.4773,23.4773,,,-1,-1,2022-09-30T14:48:19
23.9716,48.0451,23.8192,23.8192,,,-1,-1,2022-09-30T14:48:20
24.1914,46.4496,24.0918,24.1054,,,-1,-1,2022-09-30T14:48:21
24.8085,46.7553,24.5675,24.5958,,,-1,-1,2022-09-30T14:48:22
24.6417,45.3804,24.5804,24.7946,,,-1,-1,2022-09-30T14:48:23
25.426,48.6723,25.2582,25.2701,,,-1,-1,2022-09-30T14:48:24
27.5654,51.2462,27.0113,27.0113,,,-1,-1,2022-09-30T14:48:25
27.2287,49.8905,27.238,27.238,,,-1,-1,2022-09-30T14:48:26
27.4258,50.5308,27.1949,27.7585,,,-1,-1,2022-09-30T14:48:27
25.6816,48.2901,26.3003,27.1739,,,-1,-1,2022-09-30T14:48:28
24.5034,47.0159,25.3436,26.2675,,,-1,-1,2022-09-30T14:48:29
24.6793,46.4471,24.9103,25.3984,,,-1,-1,2022-09-30T14:48:30
23.7162,44.1673,24.1635,24.9333,,,-1,-1,2022-09-30T14:48:31
23.2309,43.4147,23.6245,24.1608,,,-1,-1,2022-09-30T14:48:32
24.4032,44.7276,24.1298,24.1347,,,-1,-1,2022-09-30T14:48:33
25.8383,47.2207,25.4367,25.4367,,,-1,-1,2022-09-30T14:48:34
24.9613,46.6724,25.1196,25.5263,,,-1,-1,2022-09-30T14:48:35
24.898,50.6113,24.9367,25.1984,,,-1,-1,2022-09-30T14:48:36
26.4788,50.1262,26.3001,26.3001,,,-1,-1,2022-09-30T14:48:37
29.1108,56.4583,28.3165,28.3165,,,-1,-1,2022-09-30T14:48:38
29.3378,59.1989,28.9059,28.9557,,,-1,-1,2022-09-30T14:48:39
27.6614,55.5627,28.2533,28.8971,,,-1,-1,2022-09-30T14:48:40
28.2912,55.7127,28.345,28.345,,,-1,-1,2022-09-30T14:48:41
25.542,55.1067,26.7082,28.3234,,,-1,-1,2022-09-30T14:48:42
23.4945,44.0614,25.0158,26.6713,,,-1,-1,2022-09-30T14:48:43
23.1468,43.682,23.9696,24.9797,,,-1,-1,2022-09-30T14:48:44
22.6836,43.4581,23.2298,23.9711,,,-1,-1,2022-09-30T14:48:45
22.5684,42.1412,22.8154,23.2386,,,-1,-1,2022-09-30T14:48:46
22.651,43.3717,22.6926,22.8494,,,-1,-1,2022-09-30T14:48:47
22.9243,41.5937,22.7937,22.8789,,,-1,-1,2022-09-30T14:48:48
22.545,39.8278,22.6145,22.8132,,,-1,-1,2022-09-30T14:48:49
22.3967,39.1457,22.4643,22.6209,,,-1,-1,2022-09-30T14:48:50
22.2732,39.6353,22.3323,22.475,,,-1,-1,2022-09-30T14:48:51
22.4332,39.4062,22.3788,22.4255,,,-1,-1,2022-09-30T14:48:52
22.3478,39.5323,22.3729,22.3876,,,-1,-1,2022-09-30T14:48:53
22.4216,39.0526,22.4103,22.4103,,,-1,-1,2022-09-30T14:48:54
22.4406,39.1469,22.4349,22.4559,,,-1,-1,2022-09-30T14:48:55
22.3085,38.5666,22.3612,22.441,,,-1,-1,2022-09-30T14:48:56
22.4234,38.8667,22.4128,22.4128,,,-1,-1,2022-09-30T14:48:57
22.4223,37.0722,22.4114,22.4464,,,-1,-1,2022-09-30T14:48:58
22.4976,40.5647,22.4511,22.4793,,,-1,-1,2022-09-30T14:48:59
22.5219,38.7648,22.5116,22.5185,,,-1,-1,2022-09-30T14:49:00
22.4628,39.1105,22.471,22.5452,,,-1,-1,2022-09-30T14:49:01
22.3873,38.9059,22.3974,22.5327,,,-1,-1,2022-09-30T14:49:02
22.3186,38.3741,22.3484,22.4147,,,-1,-1,2022-09-30T14:49:03
22.4897,40.2438,22.453,22.453,,,-1,-1,2022-09-30T14:49:04
22.6238,40.5414,22.5941,22.6061,,,-1,-1,2022-09-30T14:49:05
22.9673,40.9405,22.8345,22.8345,,,-1,-1,2022-09-30T14:49:06
23.2841,43.2573,23.1321,23.1321,,,-1,-1,2022-09-30T14:49:07
23.3639,43.1338,23.2977,23.311,,,-1,-1,2022-09-30T14:49:08
23.7335,46.3446,23.6111,23.6246,,,-1,-1,2022-09-30T14:49:09
24.3617,47.3307,24.0809,24.0809,,,-1,-1,2022-09-30T14:49:10
24.2522,45.584,24.24,24.2538,,,-1,-1,2022-09-30T14:49:11
24.5873,48.195,24.3822,24.6058,,,-1,-1,2022-09-30T14:49:12
23.8567,44.8719,24.0085,24.3801,,,-1,-1,2022-09-30T14:49:13
23.0926,42.1884,23.4524,24.0005,,,-1,-1,2022-09-30T14:49:14
23.0498,42.2849,23.2086,23.4449,,,-1,-1,2022-09-30T14:49:15
23.3877,43.5926,23.2954,23.3878,,,-1,-1,2022-09-30T14:49:16
23.4307,43.5366,23.4301,23.4306,,,-1,-1,2022-09-30T14:49:17
24.1318,47.7117,23.8865,23.9171,,,-1,-1,2022-09-30T14:49:18
25.4301,50.8781,24.9122,24.9122,,,-1,-1,2022-09-30T14:49:19
24.4237,49.5617,24.567,24.994,,,-1,-1,2022-09-30T14:49:20
23.8728,46.1373,24.1603,24.5491,,,-1,-1,2022-09-30T14:49:21
23.5143,45.0125,23.7796,24.14,,,-1,-1,2022-09-30T14:49:22
24.7595,49.1765,24.5038,24.5049,,,-1,-1,2022-09-30T14:49:23
26.2924,52.229,25.5691,25.6717,,,-1,-1,2022-09-30T14:49:24
24.5627,46.3524,24.9506,25.5447,,,-1,-1,2022-09-30T14:49:25
24.5562,48.1489,24.72,24.9333,,,-1,-1,2022-09-30T14:49:26
24.7922,49.8369,24.7899,24.8207,,,-1,-1,2022-09-30T14:49:27
25.6751,48.347,25.3624,25.3635,,,-1,-1,2022-09-30T14:49:28
25.8921,49.3153,25.6282,25.7061,,,-1,-1,2022-09-30T14:49:29
25.4853,49.7517,25.5299,25.7088,,,-1,-1,2022-09-30T14:49:30
25.3696,47.7668,25.4753,25.5124,,,-1,-1,2022-09-30T14:49:31
25.4273,50.1241,25.4906,25.5113,,,-1,-1,2022-09-30T14:49:32
26.2672,49.1837,25.8397,26.146,,,-1,-1,2022-09-30T14:49:33
24.9254,47.5616,25.2621,25.8241,,,-1,-1,2022-09-30T14:49:34
24.7441,49.4261,24.8868,25.3056,,,-1,-1,2022-09-30T14:49:35
24.0784,46.2344,24.4135,24.8549,,,-1,-1,2022-09-30T14:49:36
23.2936,45.1777,23.7631,24.3871,,,-1,-1,2022-09-30T14:49:37
23.1492,43.3997,23.3564,23.7755,,,-1,-1,2022-09-30T14:49:38
22.827,41.4927,23.0283,23.3528,,,-1,-1,2022-09-30T14:49:39
22.6983,43.4919,22.8237,23.0339,,,-1,-1,2022-09-30T14:49:40
23.0231,42.9663,22.9505,22.972,,,-1,-1,2022-09-30T14:49:41
23.3981,43.1626,23.2575,23.271,,,-1,-1,2022-09-30T14:49:42
24.313,45.796,23.9013,23.9806,,,-1,-1,2022-09-30T14:49:43
23.0671,43.1877,23.4145,23.894,,,-1,-1,2022-09-30T14:49:44
22.9,46.0325,23.0815,23.3939,,,-1,-1,2022-09-30T14:49:45
22.6535,43.2069,22.8227,23.105,,,-1,-1,2022-09-30T14:49:46
22.6977,43.8268,22.7695,22.8201,,,-1,-1,2022-09-30T14:49:47
23.0346,47.5039,22.9021,22.9863,,,-1,-1,2022-09-30T14:49:48
23.3261,49.6757,23.171,23.1927,,,-1,-1,2022-09-30T14:49:49
23.6496,49.7649,23.5114,23.5114,,,-1,-1,2022-09-30T14:49:50
25.1319,50.1163,24.5758,24.5758,,,-1,-1,2022-09-30T14:49:51
25.4137,54.0479,25.1698,25.1698,,,-1,-1,2022-09-30T14:49:52
27.1279,59.5541,26.5127,26.5127,,,-1,-1,2022-09-30T14:49:53
27.8539,58.8818,27.3727,27.3727,,,-1,-1,2022-09-30T14:49:54
27.0227,55.813,27.0418,27.6938,,,-1,-1,2022-09-30T14:49:55
25.4916,51.663,26.1274,27.0299,,,-1,-1,2022-09-30T14:49:56
26.3181,50.8598,26.2789,26.3071,,,-1,-1,2022-09-30T14:49:57
26.0439,49.6459,26.1247,26.428,,,-1,-1,2022-09-30T14:49:58
25.2412,48.1045,25.6214,26.0951,,,-1,-1,2022-09-30T14:49:59
25.9723,48.7214,25.7742,25.9499,,,-1,-1,2022-09-30T14:50:00
24.478,46.5373,25.003,25.758,,,-1,-1,2022-09-30T14:50:01
25.3203,51.0782,25.2637,25.2757,,,-1,-1,2022-09-30T14:50:02
25.0856,48.5007,25.1417,25.3182,,,-1,-1,2022-09-30T14:50:03
25.8511,49.4968,25.6673,25.6771,,,-1,-1,2022-09-30T14:50:04
25.6205,52.6633,25.691,25.7124,,,-1,-1,2022-09-30T14:50:05
26.0626,54.4379,25.8666,25.9902,,,-1,-1,2022-09-30T14:50:06
26.5968,54.1908,26.2675,26.3163,,,-1,-1,2022-09-30T14:50:07
26.2261,55.6692,26.2377,26.4265,,,-1,-1,2022-09-30T14:50:08
24.5851,52.8631,25.2863,26.2196,,,-1,-1,2022-09-30T14:50:09
23.8211,50.3773,24.3685,25.2794,,,-1,-1,2022-09-30T14:50:10
23.3055,46.556,23.7341,24.3396,,,-1,-1,2022-09-30T14:50:11
22.9783,46.4741,23.2953,23.7329,,,-1,-1,2022-09-30T14:50:12
23.4967,46.6982,23.4842,23.4842,,,-1,-1,2022-09-30T14:50:13
24.1871,47.0554,23.9225,23.9296,,,-1,-1,2022-09-30T14:50:14
24.3704,47.0094,24.1381,24.2554,,,-1,-1,2022-09-30T14:50:15
24.381,45.9878,24.3414,24.3414,,,-1,-1,2022-09-30T14:50:16
25.0505,46.4375,24.8152,24.8439,,,-1,-1,2022-09-30T14:50:17
23.901,45.4907,24.2387,24.8051,,,-1,-1,2022-09-30T14:50:18
23.7191,45.366,23.8537,24.3081,,,-1,-1,2022-09-30T14:50:19
23.2885,44.7226,23.5301,23.8445,,,-1,-1,2022-09-30T14:50:20
24.0117,45.0437,23.8633,23.8633,,,-1,-1,2022-09-30T14:50:21
25.3339,48.3043,24.8713,24.879,,,-1,-1,2022-09-30T14:50:22
26.4811,49.0214,25.8523,26.0201,,,-1,-1,2022-09-30T14:50:23
26.5176,50.0563,26.3299,26.3299,,,-1,-1,2022-09-30T14:50:24
26.7351,50.3717,26.5746,26.5999,,,-1,-1,2022-09-30T14:50:25
26.5865,52.6845,26.5818,26.638,,,-1,-1,2022-09-30T14:50:26
25.7408,50.8375,26.0592,26.5538,,,-1,-1,2022-09-30T14:50:27
25.0492,47.2973,25.4459,26.06,,,-1,-1,2022-09-30T14:50:28
25.2729,49.1957,25.3401,25.4412,,,-1,-1,2022-09-30T14:50:29
25.2707,47.3789,25.428,25.4374,,,-1,-1,2022-09-30T14:50:30
24.7883,45.5357,24.9559,25.5196,,,-1,-1,2022-09-30T14:50:31
24.2469,44.6886,24.5503,24.947,,,-1,-1,2022-09-30T14:50:32
25.3609,44.8599,25.1745,25.1745,,,-1,-1,2022-09-30T14:50:33
25.1311,47.5235,25.1564,25.2979,,,-1,-1,2022-09-30T14:50:34
29.2872,49.6985,28.1133,28.1133,,,-1,-1,2022-09-30T14:50:35
28.9675,49.836,28.4595,29.0269,,,-1,-1,2022-09-30T14:50:36
29.5051,50.5436,29.0701,29.1635,,,-1,-1,2022-09-30T14:50:37
27.8138,48.3992,28.4443,29.07,,,-1,-1,2022-09-30T14:50:38
22.8097,39.1347,25.9184,28.3884,,,-1,-1,2022-09-30T14:50:39
22.6319,39.8169,24.1764,25.8783,,,-1,-1,2022-09-30T14:50:40
22.4327,39.4712,23.1964,24.1455,,,-1,-1,2022-09-30T14:50:41
22.7036,38.8924,22.9284,23.1797,,,-1,-1,2022-09-30T14:50:42
22.803,39.1231,22.8648,22.9226,,,-1,-1,2022-09-30T14:50:43
22.9133,39.8932,22.8877,22.9232,,,-1,-1,2022-09-30T14:50:44
23.0206,41.1738,23.0317,23.0317,,,-1,-1,2022-09-30T14:50:45
23.7806,43.5706,23.5406,23.5406,,,-1,-1,2022-09-30T14:50:46
24.3271,48.2373,24.1335,24.1777,,,-1,-1,2022-09-30T14:50:47
24.1434,46.8955,24.1248,24.2023,,,-1,-1,2022-09-30T14:50:48
23.4703,48.0242,23.7273,24.1197,,,-1,-1,2022-09-30T14:50:49
23.4904,46.2694,23.6169,23.7321,,,-1,-1,2022-09-30T14:50:50
23.9503,47.4533,23.9171,23.9171,,,-1,-1,2022-09-30T14:50:51
26.5954,49.9686,26.09,26.09,,,-1,-1,2022-09-30T14:50:52
26.5363,51.0199,26.2602,26.6234,,,-1,-1,2022-09-30T14:50:53
27.8438,53.2958,27.186,27.3071,,,-1,-1,2022-09-30T14:50:54
28.2995,56.1856,27.8952,27.9578,,,-1,-1,2022-09-30T14:50:55
27.0452,52.9532,27.2891,28.1382,,,-1,-1,2022-09-30T14:50:56
25.217,54.8282,26.0536,27.2568,,,-1,-1,2022-09-30T14:50:57
23.9248,49.3245,24.8873,26.0169,,,-1,-1,2022-09-30T14:50:58
25.5317,53.1857,25.3729,25.4523,,,-1,-1,2022-09-30T14:50:59
23.3501,46.5935,24.227,25.3431,,,-1,-1,2022-09-30T14:51:00
23.1695,44.8088,23.5875,24.2087,,,-1,-1,2022-09-30T14:51:01
23.2602,42.3402,23.3703,23.6246,,,-1,-1,2022-09-30T14:51:02
23.765,44.1163,23.7151,23.7151,,,-1,-1,2022-09-30T14:51:03
24.0551,45.8633,23.9055,23.9303,,,-1,-1,2022-09-30T14:51:04
23.7159,45.4336,23.7828,23.9264,,,-1,-1,2022-09-30T14:51:05
24.3267,45.2291,24.1687,24.1687,,,-1,-1,2022-09-30T14:51:06
24.3427,48.984,24.2535,24.3151,,,-1,-1,2022-09-30T14:51:07
24.6095,49.5063,24.4478,24.5449,,,-1,-1,2022-09-30T14:51:08
24.36,48.7615,24.3214,24.6633,,,-1,-1,2022-09-30T14:51:09
23.7642,44.6398,23.9982,24.3103,,,-1,-1,2022-09-30T14:51:10
23.9108,47.604,23.9565,24.0335,,,-1,-1,2022-09-30T14:51:11
24.4226,48.3326,24.2668,24.2862,,,-1,-1,2022-09-30T14:51:12
23.1176,43.9835,23.6004,24.2388,,,-1,-1,2022-09-30T14:51:13
24.1553,45.9229,24.1274,24.1274,,,-1,-1,2022-09-30T14:51:14
26.4027,49.9852,25.358,25.8173,,,-1,-1,2022-09-30T14:51:15
26.0711,51.5312,25.8958,25.8958,,,-1,-1,2022-09-30T14:51:16
25.4237,50.2244,25.576,25.9646,,,-1,-1,2022-09-30T14:51:17
26.6834,51.2154,26.2833,26.3609,,,-1,-1,2022-09-30T14:51:18
26.6137,52.4533,26.4897,26.555,,,-1,-1,2022-09-30T14:51:19
26.7415,53.6519,26.6444,26.6743,,,-1,-1,2022-09-30T14:51:20
24.9297,53.8848,25.588,26.7053,,,-1,-1,2022-09-30T14:51:21
24.9835,53.6072,25.2537,25.5683,,,-1,-1,2022-09-30T14:51:22
24.2879,50.0802,24.624,25.2609,,,-1,-1,2022-09-30T14:51:23
23.6633,47.7691,24.03,24.6158,,,-1,-1,2022-09-30T14:51:24
23.8009,48.4854,23.9073,24.0423,,,-1,-1,2022-09-30T14:51:25
24.0625,48.9877,24.0274,24.0274,,,-1,-1,2022-09-30T14:51:26
24.4008,48.2722,24.2344,24.3631,,,-1,-1,2022-09-30T14:51:27
24.6691,50.889,24.5319,24.5512,,,-1,-1,2022-09-30T14:51:28
25.1001,50.4356,24.8305,24.9196,,,-1,-1,2022-09-30T14:51:29
24.3348,48.5496,24.5706,24.819,,,-1,-1,2022-09-30T14:51:30
24.3633,47.7056,24.4255,24.6754,,,-1,-1,2022-09-30T14:51:31
24.5885,48.4538,24.5307,24.5753,,,-1,-1,2022-09-30T14:51:32
25.6146,49.3627,25.2965,25.3477,,,-1,-1,2022-09-30T14:51:33
24.7069,47.5569,24.9303,25.3033,,,-1,-1,2022-09-30T14:51:34
25.0495,48.7065,25.029,25.029,,,-1,-1,2022-09-30T14:51:35
24.3426,45.132,24.5023,25.1388,,,-1,-1,2022-09-30T14:51:36
23.3665,43.3234,23.8387,24.4838,,,-1,-1,2022-09-30T14:51:37
23.4892,45.0491,23.6575,23.8221,,,-1,-1,2022-09-30T14:51:38
24.4794,46.4432,24.2437,24.2437,,,-1,-1,2022-09-30T14:51:39
24.9799,45.3005,24.6728,24.788,,,-1,-1,2022-09-30T14:51:40
24.444,45.6633,24.578,24.646,,,-1,-1,2022-09-30T14:51:41
25.4345,49.3448,25.0992,25.1759,,,-1,-1,2022-09-30T14:51:42
24.5781,46.1171,24.8154,25.1184,,,-1,-1,2022-09-30T14:51:43
24.5599,48.1645,24.6267,24.9148,,,-1,-1,2022-09-30T14:51:44
24.9856,48.3087,24.8485,24.8861,,,-1,-1,2022-09-30T14:51:45
25.7587,49.8188,25.4311,25.4651,,,-1,-1,2022-09-30T14:51:46
27.9275,54.8485,27.0382,27.0382,,,-1,-1,2022-09-30T14:51:47
24.4753,50.8422,25.5383,27.0735,,,-1,-1,2022-09-30T14:51:48
23.5466,47.9588,24.4517,25.5063,,,-1,-1,2022-09-30T14:51:49
26.7779,53.3415,26.2034,26.2283,,,-1,-1,2022-09-30T14:51:50
28.4368,54.3361,27.9014,27.9014,,,-1,-1,2022-09-30T14:51:51
29.1352,54.2138,28.5841,28.7708,,,-1,-1,2022-09-30T14:51:52
26.4614,49.197,27.3746,28.5589,,,-1,-1,2022-09-30T14:51:53
26.7219,48.5228,27.0428,27.3394,,,-1,-1,2022-09-30T14:51:54
28.4086,52.055,28.0955,28.0955,,,-1,-1,2022-09-30T14:51:55
28.7726,53.2452,28.7584,28.8007,,,-1,-1,2022-09-30T14:51:56
26.1371,49.0908,27.3955,28.711,,,-1,-1,2022-09-30T14:51:57
25.4961,48.1911,26.305,27.3725,,,-1,-1,2022-09-30T14:51:58
25.6031,47.9936,25.9858,26.2619,,,-1,-1,2022-09-30T14:51:59
26.9046,48.3689,26.403,26.7328,,,-1,-1,2022-09-30T14:52:00
25.5635,46.1811,25.9546,26.3627,,,-1,-1,2022-09-30T14:52:01
24.9862,47.1356,25.4175,25.9275,,,-1,-1,2022-09-30T14:52:02
27.0872,46.874,26.6083,26.6234,,,-1,-1,2022-09-30T14:52:03
24.8984,45.4198,25.6756,26.5883,,,-1,-1,2022-09-30T14:52:04
24.3075,46.3196,24.9038,25.648,,,-1,-1,2022-09-30T14:52:05
24.2856,45.6506,24.5806,24.8676,,,-1,-1,2022-09-30T14:52:06
24.508,47.331,24.4531,24.7452,,,-1,-1,2022-09-30T14:52:07
23.2844,43.9396,23.7877,24.4253,,,-1,-1,2022-09-30T14:52:08
23.1242,46.2793,23.3433,23.7781,,,-1,-1,2022-09-30T14:52:09
22.708,40.5165,22.966,23.3315,,,-1,-1,2022-09-30T14:52:10
22.5936,42.4965,22.775,22.9629,,,-1,-1,2022-09-30T14:52:11
22.7125,42.4594,22.771,22.771,,,-1,-1,2022-09-30T14:52:12
23.0122,41.2116,22.9797,22.9797,,,-1,-1,2022-09-30T14:52:13
23.557,43.2412,23.3925,23.3925,,,-1,-1,2022-09-30T14:52:14
24.2545,45.4677,23.8532,24.0205,,,-1,-1,2022-09-30T14:52:15
22.9449,43.4175,23.2974,23.8352,,,-1,-1,2022-09-30T14:52:16
22.6309,45.344,22.889,23.2798,,,-1,-1,2022-09-30T14:52:17
22.5281,40.0559,22.6663,22.8756,,,-1,-1,2022-09-30T14:52:18
22.5117,40.5865,22.5846,22.6766,,,-1,-1,2022-09-30T14:52:19
22.1088,39.055,22.3039,22.5771,,,-1,-1,2022-09-30T14:52:20
22.2392,38.5821,22.2618,22.3067,,,-1,-1,2022-09-30T14:52:21
22.2127,38.9273,22.2355,22.2956,,,-1,-1,2022-09-30T14:52:22
22.3752,39.6055,22.3396,22.3396,,,-1,-1,2022-09-30T14:52:23
22.4227,39.193,22.3816,22.413,,,-1,-1,2022-09-30T14:52:24
22.5084,40.0186,22.4523,22.4853,,,-1,-1,2022-09-30T14:52:25
22.4646,39.4104,22.4721,22.4754,,,-1,-1,2022-09-30T14:52:26
22.4476,39.9123,22.4348,22.5471,,,-1,-1,2022-09-30T14:52:27
22.505,39.1309,22.4642,22.5239,,,-1,-1,2022-09-30T14:52:28
22.345,39.1855,22.3929,22.4708,,,-1,-1,2022-09-30T14:52:29
22.3557,38.7888,22.3621,22.4309,,,-1,-1,2022-09-30T14:52:30
22.4232,39.2998,22.4005,22.4175,,,-1,-1,2022-09-30T14:52:31
22.3401,39.4376,22.3618,22.4134,,,-1,-1,2022-09-30T14:52:32
22.3362,37.8779,22.3413,22.4024,,,-1,-1,2022-09-30T14:52:33
22.2891,39.167,22.2859,22.3921,,,-1,-1,2022-09-30T14:52:34
22.2719,39.5412,22.2679,22.3278,,,-1,-1,2022-09-30T14:52:35
22.3506,39.8386,22.3196,22.337,,,-1,-1,2022-09-30T14:52:36
22.3697,38.7598,22.3442,22.3814,,,-1,-1,2022-09-30T14:52:37
22.2388,38.1754,22.2533,22.3901,,,-1,-1,2022-09-30T14:52:38
22.3629,38.5826,22.3134,22.3486,,,-1,-1,2022-09-30T14:52:39
22.3958,39.7314,22.3654,22.383,,,-1,-1,2022-09-30T14:52:40
22.4825,41.2744,22.4321,22.4384,,,-1,-1,2022-09-30T14:52:41
22.533,40.8052,22.5149,22.5159,,,-1,-1,2022-09-30T14:52:42
22.4571,40.3005,22.4589,22.5681,,,-1,-1,2022-09-30T14:52:43
22.6494,40.7113,22.5727,22.596,,,-1,-1,2022-09-30T14:52:44
23.0363,43.7027,22.8721,22.8721,,,-1,-1,2022-09-30T14:52:45
23.7832,45.562,23.5214,23.5214,,,-1,-1,2022-09-30T14:52:46
24.1453,46.2205,23.8911,23.8911,,,-1,-1,2022-09-30T14:52:47
24.7953,47.6442,24.4892,24.5244,,,-1,-1,2022-09-30T14:52:48
24.5482,48.0204,24.5762,24.5762,,,-1,-1,2022-09-30T14:52:49
25.5393,49.8353,25.2061,25.233,,,-1,-1,2022-09-30T14:52:50
24.9135,48.3502,25.0388,25.2253,,,-1,-1,2022-09-30T14:52:51
25.5431,49.0706,25.4956,25.4956,,,-1,-1,2022-09-30T14:52:52
25.7438,51.5737,25.5898,25.7425,,,-1,-1,2022-09-30T14:52:53
26.4073,50.7687,26.1334,26.1334,,,-1,-1,2022-09-30T14:52:54
25.9306,50.1592,25.9646,26.268,,,-1,-1,2022-09-30T14:52:55
26.0632,51.0216,26.0154,26.1303,,,-1,-1,2022-09-30T14:52:56
25.1086,49.5389,25.4144,26.0115,,,-1,-1,2022-09-30T14:52:57
23.9185,48.7013,24.543,25.3884,,,-1,-1,2022-09-30T14:52:58
24.0922,50.7584,24.2109,24.5985,,,-1,-1,2022-09-30T14:52:59
23.9759,49.301,24.0919,24.2037,,,-1,-1,2022-09-30T14:53:01
26.2458,55.4097,25.6765,25.6765,,,-1,-1,2022-09-30T14:53:01
28.3558,58.7411,27.6357,27.6357,,,-1,-1,2022-09-30T14:53:02
27.8229,56.2423,27.6085,28.0187,,,-1,-1,2022-09-30T14:53:03
26.0955,54.8375,26.8181,27.5732,,,-1,-1,2022-09-30T14:53:04
25.24,55.2956,25.8781,26.8211,,,-1,-1,2022-09-30T14:53:05
24.6402,50.8133,25.0922,25.8875,,,-1,-1,2022-09-30T14:53:06
23.7747,46.2178,24.3102,25.0642,,,-1,-1,2022-09-30T14:53:07
23.5439,47.7875,23.8782,24.2912,,,-1,-1,2022-09-30T14:53:08
24.3379,44.8423,24.2298,24.2325,,,-1,-1,2022-09-30T14:53:09
25.9605,48.7186,25.4731,25.4766,,,-1,-1,2022-09-30T14:53:10
26.0007,47.4598,25.849,25.8691,,,-1,-1,2022-09-30T14:53:11
26.2253,49.0746,26.2179,26.244,,,-1,-1,2022-09-30T14:53:12
26.7596,52.8226,26.564,26.5821,,,-1,-1,2022-09-30T14:53:13
27.6982,52.8155,27.3673,27.3673,,,-1,-1,2022-09-30T14:53:15
29.6291,59.0427,28.6951,29.0138,,,-1,-1,2022-09-30T14:53:15
25.3425,50.3975,26.772,28.677,,,-1,-1,2022-09-30T14:53:17
23.3602,43.8644,25.0703,26.7257,,,-1,-1,2022-09-30T14:53:17
22.7312,40.8117,23.7904,25.0338,,,-1,-1,2022-09-30T14:53:18
22.7261,40.7251,23.1444,23.7764,,,-1,-1,2022-09-30T14:53:19
22.997,43.1595,23.0867,23.1372,,,-1,-1,2022-09-30T14:53:20
23.264,44.1361,23.2084,23.2283,,,-1,-1,2022-09-30T14:53:22
23.0793,42.3245,23.1368,23.2339,,,-1,-1,2022-09-30T14:53:22
23.1668,42.7457,23.1727,23.1903,,,-1,-1,2022-09-30T14:53:24
23.6627,44.2389,23.4928,23.5069,,,-1,-1,2022-09-30T14:53:24
23.4606,45.2408,23.4496,23.5516,,,-1,-1,2022-09-30T14:53:25
22.8875,41.4569,23.1067,23.4299,,,-1,-1,2022-09-30T14:53:27
22.6651,42.1649,22.8475,23.1055,,,-1,-1,2022-09-30T14:53:27
22.2684,40.0427,22.4888,22.8341,,,-1,-1,2022-09-30T14:53:29
22.373,39.9369,22.4166,22.4882,,,-1,-1,2022-09-30T14:53:29
22.3238,40.1253,22.3773,22.4219,,,-1,-1,2022-09-30T14:53:30
22.3603,38.921,22.3621,22.4135,,,-1,-1,2022-09-30T14:53:31
22.1691,39.1232,22.2473,22.3796,,,-1,-1,2022-09-30T14:53:33
22.2869,39.1559,22.2674,22.3168,,,-1,-1,2022-09-30T14:53:33
22.2109,37.0327,22.2456,22.2716,,,-1,-1,2022-09-30T14:53:34
22.2966,37.4557,22.2863,22.2863,,,-1,-1,2022-09-30T14:53:35
22.4119,39.3429,22.3987,22.3987,,,-1,-1,2022-09-30T14:53:36
22.8584,39.862,22.707,22.707,,,-1,-1,2022-09-30T14:53:37
23.8381,40.4553,23.4471,23.4471,,,-1,-1,2022-09-30T14:53:38
25.4972,43.5657,24.9544,24.9544,,,-1,-1,2022-09-30T14:53:39
26.4036,45.4874,25.7535,26.0134,,,-1,-1,2022-09-30T14:53:41
24.0605,44.6687,24.767,25.7298,,,-1,-1,2022-09-30T14:53:41
23.3603,43.1603,23.9215,24.7623,,,-1,-1,2022-09-30T14:53:42
22.9573,40.3484,23.3736,23.9135,,,-1,-1,2022-09-30T14:53:44
22.54,38.8713,22.8577,23.3699,,,-1,-1,2022-09-30T14:53:45
22.2889,36.5976,22.5134,22.849,,,-1,-1,2022-09-30T14:53:46
22.3413,37.0646,22.4083,22.5199,,,-1,-1,2022-09-30T14:53:47
22.1791,39.5785,22.2584,22.4084,,,-1,-1,2022-09-30T14:53:48
22.2443,38.6359,22.2458,22.2884,,,-1,-1,2022-09-30T14:53:49
22.4955,39.3163,22.413,22.4162,,,-1,-1,2022-09-30T14:53:50
22.638,41.2881,22.5754,22.5754,,,-1,-1,2022-09-30T14:53:51
22.7702,43.6997,22.6978,22.7087,,,-1,-1,2022-09-30T14:53:52
23.0909,44.5119,22.9393,22.9624,,,-1,-1,2022-09-30T14:53:53
23.5301,43.5814,23.3456,23.3456,,,-1,-1,2022-09-30T14:53:54
24.326,46.524,23.9482,23.9482,,,-1,-1,2022-09-30T14:53:55
24.6472,46.6082,24.4319,24.4319,,,-1,-1,2022-09-30T14:53:56
25.1267,47.6913,24.9293,25.0049,,,-1,-1,2022-09-30T14:53:57
24.069,47.3733,24.4015,24.9132,,,-1,-1,2022-09-30T14:53:58
24.3377,48.4084,24.3527,24.4543,,,-1,-1,2022-09-30T14:53:59
23.9667,46.2108,24.1218,24.345,,,-1,-1,2022-09-30T14:54:00
24.1018,45.301,24.1618,24.1736,,,-1,-1,2022-09-30T14:54:01
23.8123,44.8146,23.9619,24.1478,,,-1,-1,2022-09-30T14:54:02
23.7595,46.0062,23.8472,23.9576,,,-1,-1,2022-09-30T14:54:03
23.9626,46.9307,23.9122,23.974,,,-1,-1,2022-09-30T14:54:04
24.2837,46.1464,24.1868,24.1913,,,-1,-1,2022-09-30T14:54:05
24.4595,47.8061,24.3448,24.3728,,,-1,-1,2022-09-30T14:54:06
24.3427,47.2675,24.3431,24.4064,,,-1,-1,2022-09-30T14:54:07
23.9819,47.1076,24.1276,24.355,,,-1,-1,2022-09-30T14:54:08
23.44,45.2393,23.7013,24.1058,,,-1,-1,2022-09-30T14:54:09
23.1243,44.1713,23.3268,23.7245,,,-1,-1,2022-09-30T14:54:10
22.8369,42.4522,23.0017,23.3184,,,-1,-1,2022-09-30T14:54:11
End of this datalogging file.
